#HEADER#
dt: 5e-3
x: 0. 0.1  0.2  0.3  0.4  0.5  0.6  0.7  0.8  0.9  1.
#/HEADER#
   1.0000e+00   2.6795e-01   7.1797e-02   1.9238e-02   5.1548e-03   1.3812e-03   3.7009e-04   9.9130e-05   2.6435e-05   6.6087e-06        0e+00
   1.0000e+00   4.2265e-01   1.5470e-01   5.2559e-02   1.7059e-02   5.3684e-03   1.6521e-03   4.9963e-04   1.4822e-04   4.0358e-05        0e+00
   1.0000   0.5189   0.2302   0.0925   0.0348   0.0125   0.0043   0.0014   0.0005   0.0001        0
   1.0000   0.5830   0.2943   0.1340   0.0565   0.0225   0.0086   0.0031   0.0011   0.0003        0
   1.0000   0.6285   0.3478   0.1741   0.0805   0.0350   0.0145   0.0057   0.0022   0.0007        0
   1.0000   0.6623   0.3924   0.2115   0.1055   0.0493   0.0219   0.0093   0.0037   0.0013        0
   1.0000   0.6886   0.4298   0.2458   0.1304   0.0649   0.0306   0.0137   0.0058   0.0021        0
   1.0000   0.7097   0.4616   0.2770   0.1548   0.0812   0.0404   0.0191   0.0085   0.0032        0
   1.0000   0.7271   0.4889   0.3052   0.1782   0.0979   0.0510   0.0252   0.0117   0.0045        0
   1.0000   0.7417   0.5126   0.3309   0.2004   0.1146   0.0621   0.0320   0.0153   0.0061        0
   1.0000   0.7542   0.5334   0.3542   0.2215   0.1311   0.0736   0.0393   0.0195   0.0079        0
   1.0000   0.7650   0.5518   0.3754   0.2414   0.1472   0.0854   0.0470   0.0240   0.0099        0
   1.0000   0.7746   0.5682   0.3948   0.2601   0.1630   0.0972   0.0550   0.0288   0.0122        0
   1.0000   0.7830   0.5830   0.4126   0.2778   0.1781   0.1089   0.0632   0.0338   0.0145        0
   1.0000   0.7906   0.5964   0.4290   0.2943   0.1928   0.1205   0.0715   0.0390   0.0170        0
   1.0000   0.7975   0.6086   0.4441   0.3099   0.2068   0.1319   0.0798   0.0444   0.0196        0
   1.0000   0.8037   0.6198   0.4581   0.3246   0.2203   0.1431   0.0881   0.0498   0.0222        0
   1.0000   0.8093   0.6300   0.4712   0.3384   0.2332   0.1539   0.0963   0.0552   0.0249        0
   1.0000   0.8145   0.6395   0.4833   0.3514   0.2456   0.1645   0.1044   0.0606   0.0276        0
   1.0000   0.8193   0.6482   0.4946   0.3637   0.2574   0.1747   0.1124   0.0660   0.0303        0
   1.0000   0.8237   0.6564   0.5052   0.3753   0.2687   0.1845   0.1201   0.0713   0.0330        0
   1.0000   0.8279   0.6639   0.5152   0.3863   0.2794   0.1941   0.1277   0.0765   0.0356        0
   1.0000   0.8317   0.6710   0.5245   0.3967   0.2897   0.2032   0.1350   0.0815   0.0382        0
   1.0000   0.8353   0.6777   0.5333   0.4066   0.2995   0.2120   0.1421   0.0865   0.0407        0
   1.0000   0.8386   0.6839   0.5416   0.4159   0.3088   0.2205   0.1490   0.0913   0.0432        0
   1.0000   0.8417   0.6897   0.5494   0.4247   0.3177   0.2286   0.1556   0.0959   0.0456        0
   1.0000   0.8447   0.6952   0.5568   0.4331   0.3262   0.2364   0.1620   0.1005   0.0479        0
   1.0000   0.8474   0.7004   0.5638   0.4411   0.3343   0.2438   0.1682   0.1048   0.0502        0
   1.0000   0.8501   0.7053   0.5704   0.4487   0.3421   0.2509   0.1741   0.1090   0.0523        0
   1.0000   0.8525   0.7099   0.5766   0.4559   0.3494   0.2578   0.1797   0.1130   0.0544        0
   1.0000   0.8548   0.7143   0.5826   0.4627   0.3565   0.2643   0.1852   0.1169   0.0564        0
   1.0000   0.8570   0.7185   0.5882   0.4692   0.3632   0.2705   0.1904   0.1207   0.0584        0
   1.0000   0.8591   0.7224   0.5935   0.4754   0.3695   0.2765   0.1954   0.1242   0.0603        0
   1.0000   0.8611   0.7261   0.5986   0.4812   0.3756   0.2822   0.2002   0.1277   0.0620        0
   1.0000   0.8630   0.7297   0.6034   0.4868   0.3814   0.2876   0.2047   0.1310   0.0638        0
   1.0000   0.8647   0.7330   0.6080   0.4922   0.3870   0.2928   0.2091   0.1341   0.0654        0
   1.0000   0.8664   0.7362   0.6124   0.4972   0.3922   0.2978   0.2133   0.1371   0.0670        0
   1.0000   0.8680   0.7392   0.6165   0.5021   0.3973   0.3025   0.2173   0.1400   0.0685        0
   1.0000   0.8695   0.7421   0.6204   0.5067   0.4021   0.3071   0.2211   0.1428   0.0699        0
   1.0000   0.8710   0.7448   0.6242   0.5110   0.4066   0.3114   0.2247   0.1454   0.0713        0
   1.0000   0.8724   0.7475   0.6278   0.5152   0.4110   0.3155   0.2282   0.1479   0.0726        0
   1.0000   0.8737   0.7499   0.6312   0.5192   0.4151   0.3194   0.2315   0.1503   0.0739        0
   1.0000   0.8749   0.7523   0.6344   0.5230   0.4191   0.3232   0.2347   0.1526   0.0751        0
   1.0000   0.8761   0.7545   0.6375   0.5266   0.4229   0.3267   0.2377   0.1548   0.0762        0
   1.0000   0.8772   0.7567   0.6404   0.5300   0.4265   0.3301   0.2406   0.1569   0.0773        0
   1.0000   0.8783   0.7587   0.6432   0.5333   0.4299   0.3334   0.2434   0.1589   0.0784        0
   1.0000   0.8793   0.7606   0.6459   0.5364   0.4332   0.3365   0.2460   0.1608   0.0794        0
   1.0000   0.8803   0.7625   0.6484   0.5394   0.4363   0.3395   0.2485   0.1626   0.0804        0
   1.0000   0.8812   0.7642   0.6508   0.5422   0.4393   0.3423   0.2509   0.1644   0.0813        0
   1.0000   0.8821   0.7659   0.6531   0.5449   0.4421   0.3450   0.2532   0.1660   0.0821        0
   1.0000   0.8829   0.7675   0.6553   0.5475   0.4448   0.3475   0.2554   0.1676   0.0830        0
   1.0000   0.8837   0.7690   0.6574   0.5499   0.4474   0.3500   0.2575   0.1691   0.0838        0
   1.0000   0.8845   0.7705   0.6594   0.5523   0.4498   0.3523   0.2594   0.1705   0.0845        0
   1.0000   0.8852   0.7719   0.6613   0.5545   0.4522   0.3545   0.2613   0.1719   0.0852        0
   1.0000   0.8859   0.7732   0.6631   0.5566   0.4544   0.3566   0.2631   0.1732   0.0859        0
   1.0000   0.8866   0.7744   0.6648   0.5586   0.4565   0.3587   0.2649   0.1745   0.0866        0
   1.0000   0.8872   0.7756   0.6665   0.5606   0.4586   0.3606   0.2665   0.1757   0.0872        0
   1.0000   0.8878   0.7768   0.6680   0.5624   0.4605   0.3624   0.2681   0.1768   0.0878        0
   1.0000   0.8884   0.7779   0.6695   0.5642   0.4623   0.3642   0.2695   0.1779   0.0884        0
   1.0000   0.8889   0.7789   0.6709   0.5658   0.4641   0.3659   0.2710   0.1789   0.0889        0
   1.0000   0.8894   0.7799   0.6723   0.5674   0.4658   0.3674   0.2723   0.1799   0.0894        0
   1.0000   0.8899   0.7808   0.6736   0.5690   0.4674   0.3690   0.2736   0.1808   0.0899        0
   1.0000   0.8904   0.7817   0.6748   0.5704   0.4689   0.3704   0.2748   0.1817   0.0904        0
   1.0000   0.8908   0.7826   0.6760   0.5718   0.4703   0.3718   0.2760   0.1826   0.0908        0
   1.0000   0.8913   0.7834   0.6771   0.5731   0.4717   0.3731   0.2771   0.1834   0.0913        0
   1.0000   0.8917   0.7842   0.6782   0.5744   0.4730   0.3744   0.2782   0.1842   0.0917        0
   1.0000   0.8921   0.7849   0.6792   0.5756   0.4743   0.3756   0.2792   0.1849   0.0921        0
   1.0000   0.8924   0.7856   0.6802   0.5767   0.4755   0.3767   0.2802   0.1856   0.0924        0
   1.0000   0.8928   0.7863   0.6811   0.5778   0.4766   0.3778   0.2811   0.1863   0.0928        0
   1.0000   0.8931   0.7869   0.6820   0.5788   0.4777   0.3788   0.2820   0.1869   0.0931        0
   1.0000   0.8934   0.7875   0.6828   0.5798   0.4788   0.3798   0.2828   0.1875   0.0934        0
   1.0000   0.8937   0.7881   0.6836   0.5808   0.4798   0.3808   0.2836   0.1881   0.0937        0
   1.0000   0.8940   0.7887   0.6844   0.5817   0.4807   0.3817   0.2844   0.1887   0.0940        0
   1.0000   0.8943   0.7892   0.6851   0.5825   0.4816   0.3825   0.2851   0.1892   0.0943        0
   1.0000   0.8946   0.7897   0.6858   0.5833   0.4825   0.3833   0.2858   0.1897   0.0946        0
   1.0000   0.8948   0.7902   0.6865   0.5841   0.4833   0.3841   0.2865   0.1902   0.0948        0
   1.0000   0.8951   0.7906   0.6871   0.5848   0.4841   0.3848   0.2871   0.1906   0.0951        0
   1.0000   0.8953   0.7911   0.6877   0.5856   0.4848   0.3856   0.2877   0.1911   0.0953        0
   1.0000   0.8955   0.7915   0.6883   0.5862   0.4855   0.3862   0.2883   0.1915   0.0955        0
   1.0000   0.8957   0.7919   0.6888   0.5869   0.4862   0.3869   0.2888   0.1919   0.0957        0
   1.0000   0.8959   0.7923   0.6894   0.5875   0.4868   0.3875   0.2894   0.1923   0.0959        0
   1.0000   0.8961   0.7926   0.6898   0.5881   0.4875   0.3881   0.2898   0.1926   0.0961        0
   1.0000   0.8963   0.7930   0.6903   0.5886   0.4880   0.3886   0.2903   0.1930   0.0963        0
   1.0000   0.8965   0.7933   0.6908   0.5892   0.4886   0.3892   0.2908   0.1933   0.0965        0
   1.0000   0.8966   0.7936   0.6912   0.5897   0.4891   0.3897   0.2912   0.1936   0.0966        0
   1.0000   0.8968   0.7939   0.6916   0.5901   0.4896   0.3901   0.2916   0.1939   0.0968        0
   1.0000   0.8969   0.7942   0.6920   0.5906   0.4901   0.3906   0.2920   0.1942   0.0969        0
   1.0000   0.8971   0.7945   0.6924   0.5910   0.4906   0.3910   0.2924   0.1945   0.0971        0
   1.0000   0.8972   0.7947   0.6927   0.5915   0.4910   0.3915   0.2927   0.1947   0.0972        0
   1.0000   0.8974   0.7950   0.6931   0.5919   0.4914   0.3919   0.2931   0.1950   0.0974        0
   1.0000   0.8975   0.7952   0.6934   0.5922   0.4918   0.3922   0.2934   0.1952   0.0975        0
   1.0000   0.8976   0.7954   0.6937   0.5926   0.4922   0.3926   0.2937   0.1954   0.0976        0
   1.0000   0.8977   0.7956   0.6940   0.5929   0.4926   0.3929   0.2940   0.1956   0.0977        0
   1.0000   0.8978   0.7958   0.6943   0.5933   0.4929   0.3933   0.2943   0.1958   0.0978        0
   1.0000   0.8979   0.7960   0.6945   0.5936   0.4933   0.3936   0.2945   0.1960   0.0979        0
   1.0000   0.8980   0.7962   0.6948   0.5939   0.4936   0.3939   0.2948   0.1962   0.0980        0
   1.0000   0.8981   0.7964   0.6950   0.5942   0.4939   0.3942   0.2950   0.1964   0.0981        0
   1.0000   0.8982   0.7966   0.6953   0.5944   0.4942   0.3944   0.2953   0.1966   0.0982        0
   1.0000   0.8983   0.7967   0.6955   0.5947   0.4944   0.3947   0.2955   0.1967   0.0983        0
   1.0000   0.8984   0.7969   0.6957   0.5950   0.4947   0.3950   0.2957   0.1969   0.0984        0
   1.0000   0.8984   0.7970   0.6959   0.5952   0.4949   0.3952   0.2959   0.1970   0.0984        0
   1.0000   0.8985   0.7972   0.6961   0.5954   0.4952   0.3954   0.2961   0.1972   0.0985        0
   1.0000   0.8986   0.7973   0.6963   0.5956   0.4954   0.3956   0.2963   0.1973   0.0986        0
   1.0000   0.8986   0.7974   0.6965   0.5958   0.4956   0.3958   0.2965   0.1974   0.0986        0
   1.0000   0.8987   0.7975   0.6966   0.5960   0.4958   0.3960   0.2966   0.1975   0.0987        0
   1.0000   0.8988   0.7977   0.6968   0.5962   0.4960   0.3962   0.2968   0.1977   0.0988        0
   1.0000   0.8988   0.7978   0.6969   0.5964   0.4962   0.3964   0.2969   0.1978   0.0988        0
   1.0000   0.8989   0.7979   0.6971   0.5966   0.4964   0.3966   0.2971   0.1979   0.0989        0
   1.0000   0.8989   0.7980   0.6972   0.5967   0.4965   0.3967   0.2972   0.1980   0.0989        0
   1.0000   0.8990   0.7981   0.6973   0.5969   0.4967   0.3969   0.2973   0.1981   0.0990        0
   1.0000   0.8990   0.7982   0.6975   0.5970   0.4969   0.3970   0.2975   0.1982   0.0990        0
   1.0000   0.8991   0.7982   0.6976   0.5972   0.4970   0.3972   0.2976   0.1982   0.0991        0
   1.0000   0.8991   0.7983   0.6977   0.5973   0.4971   0.3973   0.2977   0.1983   0.0991        0
   1.0000   0.8992   0.7984   0.6978   0.5974   0.4973   0.3974   0.2978   0.1984   0.0992        0
   1.0000   0.8992   0.7985   0.6979   0.5975   0.4974   0.3975   0.2979   0.1985   0.0992        0
   1.0000   0.8992   0.7985   0.6980   0.5976   0.4975   0.3976   0.2980   0.1985   0.0992        0
   1.0000   0.8993   0.7986   0.6981   0.5978   0.4976   0.3978   0.2981   0.1986   0.0993        0
   1.0000   0.8993   0.7987   0.6982   0.5979   0.4978   0.3979   0.2982   0.1987   0.0993        0
   1.0000   0.8993   0.7987   0.6983   0.5980   0.4979   0.3980   0.2983   0.1987   0.0993        0
   1.0000   0.8994   0.7988   0.6983   0.5981   0.4980   0.3981   0.2983   0.1988   0.0994        0
   1.0000   0.8994   0.7989   0.6984   0.5981   0.4981   0.3981   0.2984   0.1989   0.0994        0
   1.0000   0.8994   0.7989   0.6985   0.5982   0.4981   0.3982   0.2985   0.1989   0.0994        0
   1.0000   0.8995   0.7990   0.6986   0.5983   0.4982   0.3983   0.2986   0.1990   0.0995        0
   1.0000   0.8995   0.7990   0.6986   0.5984   0.4983   0.3984   0.2986   0.1990   0.0995        0
   1.0000   0.8995   0.7991   0.6987   0.5985   0.4984   0.3985   0.2987   0.1991   0.0995        0
   1.0000   0.8995   0.7991   0.6988   0.5985   0.4985   0.3985   0.2988   0.1991   0.0995        0
   1.0000   0.8995   0.7991   0.6988   0.5986   0.4985   0.3986   0.2988   0.1991   0.0995        0
   1.0000   0.8996   0.7992   0.6989   0.5987   0.4986   0.3987   0.2989   0.1992   0.0996        0
   1.0000   0.8996   0.7992   0.6989   0.5987   0.4987   0.3987   0.2989   0.1992   0.0996        0
   1.0000   0.8996   0.7993   0.6990   0.5988   0.4987   0.3988   0.2990   0.1993   0.0996        0
   1.0000   0.8996   0.7993   0.6990   0.5989   0.4988   0.3989   0.2990   0.1993   0.0996        0
   1.0000   0.8996   0.7993   0.6991   0.5989   0.4988   0.3989   0.2991   0.1993   0.0996        0
   1.0000   0.8997   0.7994   0.6991   0.5990   0.4989   0.3990   0.2991   0.1994   0.0997        0
   1.0000   0.8997   0.7994   0.6992   0.5990   0.4990   0.3990   0.2992   0.1994   0.0997        0
   1.0000   0.8997   0.7994   0.6992   0.5991   0.4990   0.3991   0.2992   0.1994   0.0997        0
   1.0000   0.8997   0.7994   0.6992   0.5991   0.4990   0.3991   0.2992   0.1994   0.0997        0
   1.0000   0.8997   0.7995   0.6993   0.5991   0.4991   0.3991   0.2993   0.1995   0.0997        0
   1.0000   0.8997   0.7995   0.6993   0.5992   0.4991   0.3992   0.2993   0.1995   0.0997        0
   1.0000   0.8997   0.7995   0.6993   0.5992   0.4992   0.3992   0.2993   0.1995   0.0997        0
   1.0000   0.8998   0.7995   0.6994   0.5993   0.4992   0.3993   0.2994   0.1995   0.0998        0
   1.0000   0.8998   0.7996   0.6994   0.5993   0.4993   0.3993   0.2994   0.1996   0.0998        0
   1.0000   0.8998   0.7996   0.6994   0.5993   0.4993   0.3993   0.2994   0.1996   0.0998        0
   1.0000   0.8998   0.7996   0.6994   0.5994   0.4993   0.3994   0.2994   0.1996   0.0998        0
   1.0000   0.8998   0.7996   0.6995   0.5994   0.4994   0.3994   0.2995   0.1996   0.0998        0
   1.0000   0.8998   0.7996   0.6995   0.5994   0.4994   0.3994   0.2995   0.1996   0.0998        0
   1.0000   0.8998   0.7997   0.6995   0.5994   0.4994   0.3994   0.2995   0.1997   0.0998        0
   1.0000   0.8998   0.7997   0.6995   0.5995   0.4994   0.3995   0.2995   0.1997   0.0998        0
   1.0000   0.8998   0.7997   0.6996   0.5995   0.4995   0.3995   0.2996   0.1997   0.0998        0
   1.0000   0.8998   0.7997   0.6996   0.5995   0.4995   0.3995   0.2996   0.1997   0.0998        0
   1.0000   0.8998   0.7997   0.6996   0.5995   0.4995   0.3995   0.2996   0.1997   0.0998        0
   1.0000   0.8999   0.7997   0.6996   0.5996   0.4995   0.3996   0.2996   0.1997   0.0999        0
   1.0000   0.8999   0.7997   0.6996   0.5996   0.4996   0.3996   0.2996   0.1997   0.0999        0
   1.0000   0.8999   0.7998   0.6997   0.5996   0.4996   0.3996   0.2997   0.1998   0.0999        0
   1.0000   0.8999   0.7998   0.6997   0.5996   0.4996   0.3996   0.2997   0.1998   0.0999        0
   1.0000   0.8999   0.7998   0.6997   0.5996   0.4996   0.3996   0.2997   0.1998   0.0999        0
   1.0000   0.8999   0.7998   0.6997   0.5997   0.4996   0.3997   0.2997   0.1998   0.0999        0
   1.0000   0.8999   0.7998   0.6997   0.5997   0.4997   0.3997   0.2997   0.1998   0.0999        0
   1.0000   0.8999   0.7998   0.6997   0.5997   0.4997   0.3997   0.2997   0.1998   0.0999        0
   1.0000   0.8999   0.7998   0.6997   0.5997   0.4997   0.3997   0.2997   0.1998   0.0999        0
   1.0000   0.8999   0.7998   0.6998   0.5997   0.4997   0.3997   0.2998   0.1998   0.0999        0
   1.0000   0.8999   0.7998   0.6998   0.5997   0.4997   0.3997   0.2998   0.1998   0.0999        0
   1.0000   0.8999   0.7998   0.6998   0.5997   0.4997   0.3997   0.2998   0.1998   0.0999        0
   1.0000   0.8999   0.7998   0.6998   0.5998   0.4997   0.3998   0.2998   0.1998   0.0999        0
   1.0000   0.8999   0.7999   0.6998   0.5998   0.4998   0.3998   0.2998   0.1999   0.0999        0
   1.0000   0.8999   0.7999   0.6998   0.5998   0.4998   0.3998   0.2998   0.1999   0.0999        0
   1.0000   0.8999   0.7999   0.6998   0.5998   0.4998   0.3998   0.2998   0.1999   0.0999        0
   1.0000   0.8999   0.7999   0.6998   0.5998   0.4998   0.3998   0.2998   0.1999   0.0999        0
   1.0000   0.8999   0.7999   0.6998   0.5998   0.4998   0.3998   0.2998   0.1999   0.0999        0
   1.0000   0.8999   0.7999   0.6998   0.5998   0.4998   0.3998   0.2998   0.1999   0.0999        0
   1.0000   0.8999   0.7999   0.6998   0.5998   0.4998   0.3998   0.2998   0.1999   0.0999        0
   1.0000   0.8999   0.7999   0.6999   0.5998   0.4998   0.3998   0.2999   0.1999   0.0999        0
   1.0000   0.8999   0.7999   0.6999   0.5998   0.4998   0.3998   0.2999   0.1999   0.0999        0
   1.0000   0.8999   0.7999   0.6999   0.5998   0.4998   0.3998   0.2999   0.1999   0.0999        0
   1.0000   0.9000   0.7999   0.6999   0.5999   0.4998   0.3999   0.2999   0.1999   0.1000        0
   1.0000   0.9000   0.7999   0.6999   0.5999   0.4999   0.3999   0.2999   0.1999   0.1000        0
   1.0000   0.9000   0.7999   0.6999   0.5999   0.4999   0.3999   0.2999   0.1999   0.1000        0
   1.0000   0.9000   0.7999   0.6999   0.5999   0.4999   0.3999   0.2999   0.1999   0.1000        0
   1.0000   0.9000   0.7999   0.6999   0.5999   0.4999   0.3999   0.2999   0.1999   0.1000        0
   1.0000   0.9000   0.7999   0.6999   0.5999   0.4999   0.3999   0.2999   0.1999   0.1000        0
   1.0000   0.9000   0.7999   0.6999   0.5999   0.4999   0.3999   0.2999   0.1999   0.1000        0
   1.0000   0.9000   0.7999   0.6999   0.5999   0.4999   0.3999   0.2999   0.1999   0.1000        0
   1.0000   0.9000   0.7999   0.6999   0.5999   0.4999   0.3999   0.2999   0.1999   0.1000        0
   1.0000   0.9000   0.7999   0.6999   0.5999   0.4999   0.3999   0.2999   0.1999   0.1000        0
   1.0000   0.9000   0.7999   0.6999   0.5999   0.4999   0.3999   0.2999   0.1999   0.1000        0
   1.0000   0.9000   0.7999   0.6999   0.5999   0.4999   0.3999   0.2999   0.1999   0.1000        0
   1.0000   0.9000   0.7999   0.6999   0.5999   0.4999   0.3999   0.2999   0.1999   0.1000        0
   1.0000   0.9000   0.8000   0.6999   0.5999   0.4999   0.3999   0.2999   0.2000   0.1000        0
   1.0000   0.9000   0.8000   0.6999   0.5999   0.4999   0.3999   0.2999   0.2000   0.1000        0
   1.0000   0.9000   0.8000   0.6999   0.5999   0.4999   0.3999   0.2999   0.2000   0.1000        0
   1.0000   0.9000   0.8000   0.6999   0.5999   0.4999   0.3999   0.2999   0.2000   0.1000        0
   1.0000   0.9000   0.8000   0.6999   0.5999   0.4999   0.3999   0.2999   0.2000   0.1000        0
   1.0000   0.9000   0.8000   0.6999   0.5999   0.4999   0.3999   0.2999   0.2000   0.1000        0
   1.0000   0.9000   0.8000   0.6999   0.5999   0.4999   0.3999   0.2999   0.2000   0.1000        0
   1.0000   0.9000   0.8000   0.7000   0.5999   0.4999   0.3999   0.3000   0.2000   0.1000        0
   1.0000   0.9000   0.8000   0.7000   0.5999   0.4999   0.3999   0.3000   0.2000   0.1000        0
   1.0000   0.9000   0.8000   0.7000   0.5999   0.4999   0.3999   0.3000   0.2000   0.1000        0
   1.0000   0.9000   0.8000   0.7000   0.6000   0.4999   0.4000   0.3000   0.2000   0.1000        0
   1.0000   0.9000   0.8000   0.7000   0.6000   0.5000   0.4000   0.3000   0.2000   0.1000        0
   1.0000   0.9000   0.8000   0.7000   0.6000   0.5000   0.4000   0.3000   0.2000   0.1000        0
   1.0000   0.9000   0.8000   0.7000   0.6000   0.5000   0.4000   0.3000   0.2000   0.1000        0
