#HEADER#
Method: ForwardEuler
T: 1
dt: 0.005
dx: 0.1
x: 0 0.111111 0.222222 0.333333 0.444444 0.555556 0.666667 0.777778 0.888889 1 
#/HEADER#
1 0 0 0 0 0 0 0 0 0 
1 0.5 0 0 0 0 0 0 0 0 
1 0.5 0.25 0 0 0 0 0 0 0 
1 0.625 0.25 0.125 0 0 0 0 0 0 
1 0.625 0.375 0.125 0.0625 0 0 0 0 0 
1 0.6875 0.375 0.21875 0.0625 0.03125 0 0 0 0 
1 0.6875 0.453125 0.21875 0.125 0.03125 0.015625 0 0 0 
1 0.726562 0.453125 0.289062 0.125 0.0703125 0.015625 0.0078125 0 0 
1 0.726562 0.507812 0.289062 0.179687 0.0703125 0.0390625 0.0078125 0.00390625 0 
1 0.753906 0.507812 0.34375 0.179688 0.109375 0.0390625 0.0214844 0.00390625 0 
1 0.753906 0.548828 0.34375 0.226562 0.109375 0.0654297 0.0214844 0.0107422 0 
1 0.774414 0.548828 0.387695 0.226562 0.145996 0.0654297 0.0380859 0.0107422 0 
1 0.774414 0.581055 0.387695 0.266846 0.145996 0.092041 0.0380859 0.019043 0 
1 0.790527 0.581055 0.42395 0.266846 0.179443 0.092041 0.055542 0.019043 0 
1 0.790527 0.607239 0.42395 0.301697 0.179443 0.117493 0.055542 0.027771 0 
1 0.803619 0.607239 0.454468 0.301697 0.209595 0.117493 0.0726318 0.027771 0 
1 0.803619 0.629044 0.454468 0.332031 0.209595 0.141113 0.0726318 0.0363159 0 
1 0.814522 0.629044 0.480537 0.332031 0.236572 0.141113 0.0887146 0.0363159 0 
1 0.814522 0.64753 0.480537 0.358555 0.236572 0.162643 0.0887146 0.0443573 0 
1 0.823765 0.64753 0.503042 0.358555 0.260599 0.162643 0.1035 0.0443573 0 
1 0.823765 0.663404 0.503042 0.381821 0.260599 0.18205 0.1035 0.0517502 0 
1 0.831702 0.663404 0.522612 0.381821 0.281935 0.18205 0.1169 0.0517502 0 
1 0.831702 0.677157 0.522612 0.402274 0.281935 0.199418 0.1169 0.05845 0 
1 0.838578 0.677157 0.539715 0.402274 0.300846 0.199418 0.128934 0.05845 0 
1 0.838578 0.689147 0.539715 0.42028 0.300846 0.21489 0.128934 0.0644669 0 
1 0.844573 0.689147 0.554714 0.42028 0.317585 0.21489 0.139678 0.0644669 0 
1 0.844573 0.699644 0.554714 0.436149 0.317585 0.228632 0.139678 0.0698391 0 
1 0.849822 0.699644 0.567896 0.436149 0.332391 0.228632 0.149235 0.0698391 0 
1 0.849822 0.708859 0.567896 0.450143 0.332391 0.240813 0.149235 0.0746177 0 
1 0.85443 0.708859 0.579501 0.450143 0.345478 0.240813 0.157715 0.0746177 0 
1 0.85443 0.716965 0.579501 0.46249 0.345478 0.251597 0.157715 0.0788577 0 
1 0.858483 0.716965 0.589728 0.46249 0.357043 0.251597 0.165227 0.0788577 0 
1 0.858483 0.724105 0.589728 0.473385 0.357043 0.261135 0.165227 0.0826136 0 
1 0.862053 0.724105 0.598745 0.473385 0.36726 0.261135 0.171874 0.0826136 0 
1 0.862053 0.730399 0.598745 0.483003 0.36726 0.269567 0.171874 0.0859372 0 
1 0.865199 0.730399 0.606701 0.483003 0.376285 0.269567 0.177752 0.0859372 0 
1 0.865199 0.73595 0.606701 0.491493 0.376285 0.277019 0.177752 0.0888762 0 
1 0.867975 0.73595 0.613722 0.491493 0.384256 0.277019 0.182947 0.0888762 0 
1 0.867975 0.740848 0.613722 0.498989 0.384256 0.283602 0.182947 0.0914737 0 
1 0.870424 0.740848 0.619919 0.498989 0.391295 0.283602 0.187538 0.0914737 0 
1 0.870424 0.745171 0.619919 0.505607 0.391295 0.289416 0.187538 0.0937688 0 
1 0.872586 0.745171 0.625389 0.505607 0.397512 0.289416 0.191593 0.0937688 0 
1 0.872586 0.748987 0.625389 0.51145 0.397512 0.294552 0.191593 0.0957963 0 
1 0.874494 0.748987 0.630219 0.51145 0.403001 0.294552 0.195174 0.0957963 0 
1 0.874494 0.752356 0.630219 0.51661 0.403001 0.299088 0.195174 0.0975871 0 
1 0.876178 0.752356 0.634483 0.51661 0.407849 0.299088 0.198337 0.0975871 0 
1 0.876178 0.755331 0.634483 0.521166 0.407849 0.303093 0.198337 0.0991687 0 
1 0.877665 0.755331 0.638248 0.521166 0.41213 0.303093 0.201131 0.0991687 0 
1 0.877665 0.757957 0.638248 0.525189 0.41213 0.30663 0.201131 0.100565 0 
1 0.878978 0.757957 0.641573 0.525189 0.41591 0.30663 0.203598 0.100565 0 
1 0.878978 0.760276 0.641573 0.528741 0.41591 0.309754 0.203598 0.101799 0 
1 0.880138 0.760276 0.644508 0.528741 0.419248 0.309754 0.205776 0.101799 0 
1 0.880138 0.762323 0.644508 0.531878 0.419248 0.312512 0.205776 0.102888 0 
1 0.881162 0.762323 0.647101 0.531878 0.422195 0.312512 0.2077 0.102888 0 
1 0.881162 0.764131 0.647101 0.534648 0.422195 0.314948 0.2077 0.10385 0 
1 0.882066 0.764131 0.649389 0.534648 0.424798 0.314948 0.209399 0.10385 0 
1 0.882066 0.765727 0.649389 0.537094 0.424798 0.317098 0.209399 0.104699 0 
1 0.882864 0.765727 0.65141 0.537094 0.427096 0.317098 0.210899 0.104699 0 
1 0.882864 0.767137 0.65141 0.539253 0.427096 0.318997 0.210899 0.105449 0 
1 0.883569 0.767137 0.653195 0.539253 0.429125 0.318997 0.212223 0.105449 0 
1 0.883569 0.768382 0.653195 0.54116 0.429125 0.320674 0.212223 0.106112 0 
1 0.884191 0.768382 0.654771 0.54116 0.430917 0.320674 0.213393 0.106112 0 
1 0.884191 0.769481 0.654771 0.542844 0.430917 0.322155 0.213393 0.106696 0 
1 0.88474 0.769481 0.656163 0.542844 0.4325 0.322155 0.214426 0.106696 0 
1 0.88474 0.770452 0.656163 0.544331 0.4325 0.323463 0.214426 0.107213 0 
1 0.885226 0.770452 0.657391 0.544331 0.433897 0.323463 0.215338 0.107213 0 
1 0.885226 0.771309 0.657391 0.545644 0.433897 0.324617 0.215338 0.107669 0 
1 0.885654 0.771309 0.658476 0.545644 0.435131 0.324617 0.216143 0.107669 0 
1 0.885654 0.772065 0.658476 0.546804 0.435131 0.325637 0.216143 0.108072 0 
1 0.886033 0.772065 0.659434 0.546804 0.43622 0.325637 0.216854 0.108072 0 
1 0.886033 0.772734 0.659434 0.547827 0.43622 0.326537 0.216854 0.108427 0 
1 0.886367 0.772734 0.66028 0.547827 0.437182 0.326537 0.217482 0.108427 0 
1 0.886367 0.773324 0.66028 0.548731 0.437182 0.327332 0.217482 0.108741 0 
1 0.886662 0.773324 0.661027 0.548731 0.438032 0.327332 0.218037 0.108741 0 
1 0.886662 0.773845 0.661027 0.54953 0.438032 0.328034 0.218037 0.109018 0 
1 0.886922 0.773845 0.661687 0.54953 0.438782 0.328034 0.218526 0.109018 0 
1 0.886922 0.774305 0.661687 0.550235 0.438782 0.328654 0.218526 0.109263 0 
1 0.887152 0.774305 0.66227 0.550235 0.439444 0.328654 0.218959 0.109263 0 
1 0.887152 0.774711 0.66227 0.550857 0.439444 0.329201 0.218959 0.109479 0 
1 0.887355 0.774711 0.662784 0.550857 0.440029 0.329201 0.21934 0.109479 0 
1 0.887355 0.77507 0.662784 0.551407 0.440029 0.329685 0.21934 0.10967 0 
1 0.887535 0.77507 0.663238 0.551407 0.440546 0.329685 0.219678 0.10967 0 
1 0.887535 0.775387 0.663238 0.551892 0.440546 0.330112 0.219678 0.109839 0 
1 0.887693 0.775387 0.663639 0.551892 0.441002 0.330112 0.219975 0.109839 0 
1 0.887693 0.775666 0.663639 0.552321 0.441002 0.330488 0.219975 0.109988 0 
1 0.887833 0.775666 0.663993 0.552321 0.441404 0.330488 0.220238 0.109988 0 
1 0.887833 0.775913 0.663993 0.552699 0.441404 0.330821 0.220238 0.110119 0 
1 0.887957 0.775913 0.664306 0.552699 0.44176 0.330821 0.22047 0.110119 0 
1 0.887957 0.776131 0.664306 0.553033 0.44176 0.331115 0.22047 0.110235 0 
1 0.888066 0.776131 0.664582 0.553033 0.442074 0.331115 0.220675 0.110235 0 
1 0.888066 0.776324 0.664582 0.553328 0.442074 0.331375 0.220675 0.110338 0 
1 0.888162 0.776324 0.664826 0.553328 0.442351 0.331375 0.220856 0.110338 0 
1 0.888162 0.776494 0.664826 0.553589 0.442351 0.331604 0.220856 0.110428 0 
1 0.888247 0.776494 0.665041 0.553589 0.442596 0.331604 0.221016 0.110428 0 
1 0.888247 0.776644 0.665041 0.553819 0.442596 0.331806 0.221016 0.110508 0 
1 0.888322 0.776644 0.665231 0.553819 0.442812 0.331806 0.221157 0.110508 0 
1 0.888322 0.776777 0.665231 0.554022 0.442812 0.331985 0.221157 0.110578 0 
1 0.888388 0.776777 0.665399 0.554022 0.443003 0.331985 0.221282 0.110578 0 
1 0.888388 0.776894 0.665399 0.554201 0.443003 0.332142 0.221282 0.110641 0 
1 0.888447 0.776894 0.665548 0.554201 0.443172 0.332142 0.221392 0.110641 0 
1 0.888447 0.776997 0.665548 0.55436 0.443172 0.332282 0.221392 0.110696 0 
1 0.888499 0.776997 0.665679 0.55436 0.443321 0.332282 0.221489 0.110696 0 
1 0.888499 0.777089 0.665679 0.5545 0.443321 0.332405 0.221489 0.110744 0 
1 0.888544 0.777089 0.665794 0.5545 0.443452 0.332405 0.221575 0.110744 0 
1 0.888544 0.777169 0.665794 0.554623 0.443452 0.332513 0.221575 0.110787 0 
1 0.888585 0.777169 0.665896 0.554623 0.443568 0.332513 0.22165 0.110787 0 
1 0.888585 0.77724 0.665896 0.554732 0.443568 0.332609 0.22165 0.110825 0 
1 0.88862 0.77724 0.665986 0.554732 0.443671 0.332609 0.221717 0.110825 0 
1 0.88862 0.777303 0.665986 0.554829 0.443671 0.332694 0.221717 0.110859 0 
1 0.888652 0.777303 0.666066 0.554829 0.443761 0.332694 0.221776 0.110859 0 
1 0.888652 0.777359 0.666066 0.554914 0.443761 0.332769 0.221776 0.110888 0 
1 0.888679 0.777359 0.666136 0.554914 0.443841 0.332769 0.221828 0.110888 0 
1 0.888679 0.777408 0.666136 0.554989 0.443841 0.332835 0.221828 0.110914 0 
1 0.888704 0.777408 0.666198 0.554989 0.443912 0.332835 0.221875 0.110914 0 
1 0.888704 0.777451 0.666198 0.555055 0.443912 0.332893 0.221875 0.110937 0 
1 0.888726 0.777451 0.666253 0.555055 0.443974 0.332893 0.221915 0.110937 0 
1 0.888726 0.777489 0.666253 0.555114 0.443974 0.332945 0.221915 0.110958 0 
1 0.888745 0.777489 0.666301 0.555114 0.444029 0.332945 0.221951 0.110958 0 
1 0.888745 0.777523 0.666301 0.555165 0.444029 0.33299 0.221951 0.110976 0 
1 0.888762 0.777523 0.666344 0.555165 0.444078 0.33299 0.221983 0.110976 0 
1 0.888762 0.777553 0.666344 0.555211 0.444078 0.33303 0.221983 0.110991 0 
1 0.888776 0.777553 0.666382 0.555211 0.444121 0.33303 0.222011 0.110991 0 
1 0.888776 0.777579 0.666382 0.555251 0.444121 0.333066 0.222011 0.111005 0 
1 0.88879 0.777579 0.666415 0.555251 0.444158 0.333066 0.222036 0.111005 0 
1 0.88879 0.777602 0.666415 0.555287 0.444158 0.333097 0.222036 0.111018 0 
1 0.888801 0.777602 0.666445 0.555287 0.444192 0.333097 0.222057 0.111018 0 
1 0.888801 0.777623 0.666445 0.555318 0.444192 0.333125 0.222057 0.111029 0 
1 0.888811 0.777623 0.666471 0.555318 0.444221 0.333125 0.222077 0.111029 0 
1 0.888811 0.777641 0.666471 0.555346 0.444221 0.333149 0.222077 0.111038 0 
1 0.888821 0.777641 0.666494 0.555346 0.444248 0.333149 0.222094 0.111038 0 
1 0.888821 0.777657 0.666494 0.555371 0.444248 0.333171 0.222094 0.111047 0 
1 0.888829 0.777657 0.666514 0.555371 0.444271 0.333171 0.222109 0.111047 0 
1 0.888829 0.777671 0.666514 0.555392 0.444271 0.33319 0.222109 0.111054 0 
1 0.888836 0.777671 0.666532 0.555392 0.444291 0.33319 0.222122 0.111054 0 
1 0.888836 0.777684 0.666532 0.555411 0.444291 0.333206 0.222122 0.111061 0 
1 0.888842 0.777684 0.666547 0.555411 0.444309 0.333206 0.222134 0.111061 0 
1 0.888842 0.777695 0.666547 0.555428 0.444309 0.333221 0.222134 0.111067 0 
1 0.888847 0.777695 0.666561 0.555428 0.444325 0.333221 0.222144 0.111067 0 
1 0.888847 0.777704 0.666561 0.555443 0.444325 0.333234 0.222144 0.111072 0 
1 0.888852 0.777704 0.666574 0.555443 0.444339 0.333234 0.222153 0.111072 0 
1 0.888852 0.777713 0.666574 0.555456 0.444339 0.333246 0.222153 0.111077 0 
1 0.888856 0.777713 0.666585 0.555456 0.444351 0.333246 0.222161 0.111077 0 
1 0.888856 0.777721 0.666585 0.555468 0.444351 0.333256 0.222161 0.111081 0 
1 0.88886 0.777721 0.666594 0.555468 0.444362 0.333256 0.222168 0.111081 0 
1 0.88886 0.777727 0.666594 0.555478 0.444362 0.333265 0.222168 0.111084 0 
1 0.888864 0.777727 0.666603 0.555478 0.444372 0.333265 0.222175 0.111084 0 
1 0.888864 0.777733 0.666603 0.555487 0.444372 0.333273 0.222175 0.111087 0 
1 0.888867 0.777733 0.66661 0.555487 0.44438 0.333273 0.22218 0.111087 0 
1 0.888867 0.777738 0.66661 0.555495 0.44438 0.33328 0.22218 0.11109 0 
1 0.888869 0.777738 0.666617 0.555495 0.444388 0.33328 0.222185 0.11109 0 
1 0.888869 0.777743 0.666617 0.555502 0.444388 0.333286 0.222185 0.111093 0 
1 0.888871 0.777743 0.666623 0.555502 0.444394 0.333286 0.22219 0.111093 0 
1 0.888871 0.777747 0.666623 0.555508 0.444394 0.333292 0.22219 0.111095 0 
1 0.888874 0.777747 0.666628 0.555508 0.4444 0.333292 0.222193 0.111095 0 
1 0.888874 0.777751 0.666628 0.555514 0.4444 0.333297 0.222193 0.111097 0 
1 0.888875 0.777751 0.666632 0.555514 0.444405 0.333297 0.222197 0.111097 0 
1 0.888875 0.777754 0.666632 0.555519 0.444405 0.333301 0.222197 0.111098 0 
1 0.888877 0.777754 0.666636 0.555519 0.44441 0.333301 0.2222 0.111098 0 
1 0.888877 0.777757 0.666636 0.555523 0.44441 0.333305 0.2222 0.1111 0 
1 0.888878 0.777757 0.66664 0.555523 0.444414 0.333305 0.222202 0.1111 0 
1 0.888878 0.777759 0.66664 0.555527 0.444414 0.333308 0.222202 0.111101 0 
1 0.88888 0.777759 0.666643 0.555527 0.444418 0.333308 0.222205 0.111101 0 
1 0.88888 0.777761 0.666643 0.55553 0.444418 0.333311 0.222205 0.111102 0 
1 0.888881 0.777761 0.666646 0.55553 0.444421 0.333311 0.222207 0.111102 0 
1 0.888881 0.777763 0.666646 0.555533 0.444421 0.333314 0.222207 0.111103 0 
1 0.888882 0.777763 0.666648 0.555533 0.444423 0.333314 0.222209 0.111103 0 
1 0.888882 0.777765 0.666648 0.555536 0.444423 0.333316 0.222209 0.111104 0 
1 0.888882 0.777765 0.66665 0.555536 0.444426 0.333316 0.22221 0.111104 0 
1 0.888882 0.777766 0.66665 0.555538 0.444426 0.333318 0.22221 0.111105 0 
1 0.888883 0.777766 0.666652 0.555538 0.444428 0.333318 0.222212 0.111105 0 
1 0.888883 0.777768 0.666652 0.55554 0.444428 0.33332 0.222212 0.111106 0 
1 0.888884 0.777768 0.666654 0.55554 0.44443 0.33332 0.222213 0.111106 0 
1 0.888884 0.777769 0.666654 0.555542 0.44443 0.333321 0.222213 0.111106 0 
1 0.888884 0.777769 0.666655 0.555542 0.444432 0.333321 0.222214 0.111106 0 
1 0.888884 0.77777 0.666655 0.555544 0.444432 0.333323 0.222214 0.111107 0 
1 0.888885 0.77777 0.666657 0.555544 0.444433 0.333323 0.222215 0.111107 0 
1 0.888885 0.777771 0.666657 0.555545 0.444433 0.333324 0.222215 0.111107 0 
1 0.888885 0.777771 0.666658 0.555545 0.444435 0.333324 0.222216 0.111107 0 
1 0.888885 0.777772 0.666658 0.555546 0.444435 0.333325 0.222216 0.111108 0 
1 0.888886 0.777772 0.666659 0.555546 0.444436 0.333325 0.222216 0.111108 0 
1 0.888886 0.777772 0.666659 0.555547 0.444436 0.333326 0.222216 0.111108 0 
1 0.888886 0.777772 0.66666 0.555547 0.444437 0.333326 0.222217 0.111108 0 
1 0.888886 0.777773 0.66666 0.555548 0.444437 0.333327 0.222217 0.111109 0 
1 0.888887 0.777773 0.666661 0.555548 0.444438 0.333327 0.222218 0.111109 0 
1 0.888887 0.777774 0.666661 0.555549 0.444438 0.333328 0.222218 0.111109 0 
1 0.888887 0.777774 0.666661 0.555549 0.444438 0.333328 0.222218 0.111109 0 
1 0.888887 0.777774 0.666661 0.55555 0.444438 0.333328 0.222218 0.111109 0 
1 0.888887 0.777774 0.666662 0.55555 0.444439 0.333328 0.222219 0.111109 0 
1 0.888887 0.777775 0.666662 0.555551 0.444439 0.333329 0.222219 0.111109 0 
1 0.888887 0.777775 0.666663 0.555551 0.44444 0.333329 0.222219 0.111109 0 
1 0.888887 0.777775 0.666663 0.555551 0.44444 0.333329 0.222219 0.11111 0 
1 0.888887 0.777775 0.666663 0.555551 0.44444 0.333329 0.22222 0.11111 0 
1 0.888887 0.777775 0.666663 0.555552 0.44444 0.33333 0.22222 0.11111 0 
1 0.888888 0.777775 0.666663 0.555552 0.444441 0.33333 0.22222 0.11111 0 
1 0.888888 0.777776 0.666663 0.555552 0.444441 0.33333 0.22222 0.11111 0 
1 0.888888 0.777776 0.666664 0.555552 0.444441 0.33333 0.22222 0.11111 0 
1 0.888888 0.777776 0.666664 0.555553 0.444441 0.333331 0.22222 0.11111 0 
1 0.888888 0.777776 0.666664 0.555553 0.444442 0.333331 0.22222 0.11111 0 
1 0.888888 0.777776 0.666664 0.555553 0.444442 0.333331 0.22222 0.11111 0 
1 0.888888 0.777776 0.666664 0.555553 0.444442 0.333331 0.222221 0.11111 0 
1 0.888888 0.777776 0.666664 0.555553 0.444442 0.333331 0.222221 0.11111 0 
